# wavelength    value 
#  [um]         [flux]
3.019999861717224121e-01 7.201700100267771631e-06
3.039999902248382568e-01 6.732399924658238888e-06
3.059999942779541016e-01 6.509800186904612929e-06
3.079999983310699463e-01 6.412899892893619835e-06
3.100000023841857910e-01 6.733600002917228267e-06
3.120000064373016357e-01 6.450100045185536146e-06
3.139999806880950928e-01 6.107699846324976534e-06
3.159999847412109375e-01 6.251199920370709151e-06
3.179999887943267822e-01 6.230000053619733080e-06
3.199999928474426270e-01 5.515899829333648086e-06
3.219999969005584717e-01 5.397900167736224830e-06
3.240000009536743164e-01 6.278100045165047050e-06
3.260000050067901611e-01 6.199200015544192865e-06
3.279999792575836182e-01 5.471899839903926477e-06
3.299999833106994629e-01 5.073899956187233329e-06
3.319999873638153076e-01 4.677299784816568717e-06
3.339999914169311523e-01 4.397700195113429800e-06
3.359999954700469971e-01 4.305500169721199200e-06
3.379999995231628418e-01 4.815000011149095371e-06
3.400000035762786865e-01 4.683899987867334858e-06
3.419999778270721436e-01 4.330000137997558340e-06
3.439999818801879883e-01 3.546500010997988284e-06
3.459999859333038330e-01 4.089500180270988494e-06
3.479999899864196777e-01 4.101800186617765576e-06
3.499999940395355225e-01 4.595599875756306574e-06
3.519999980926513672e-01 4.185099896858446300e-06
3.540000021457672119e-01 4.081499810126842931e-06
3.559999763965606689e-01 2.542200036259600893e-06
3.579999804496765137e-01 1.414099983776395675e-06
3.599999845027923584e-01 3.379300096639781259e-06
3.649999797344207764e-01 2.989799895658507012e-06
3.700000047683715820e-01 3.394699888303875923e-06
3.750000000000000000e-01 1.638700041439733468e-06
3.799999952316284180e-01 2.741699972830247134e-06
3.849999904632568359e-01 1.758899998094420880e-06
3.899999856948852539e-01 3.707099949679104611e-06
3.949999809265136719e-01 6.468199899245519191e-06
3.999999761581420898e-01 5.638999937218613923e-06
4.050000011920928955e-01 4.184199951851041988e-06
4.099999964237213135e-01 6.423199920391198248e-06
4.149999916553497314e-01 6.300499990175012499e-06
4.199999868869781494e-01 5.383099960454273969e-06
4.249999821186065674e-01 3.962300070270430297e-06
4.299999773502349854e-01 5.284300186758628115e-06
4.350000023841857910e-01 8.058699677349068224e-06
4.399999976158142090e-01 6.956399829505244270e-06
4.449999928474426270e-01 9.087500075111165643e-06
4.499999880790710449e-01 1.129500014940276742e-05
4.549999833106994629e-01 1.075000000128056854e-05
4.599999785423278809e-01 1.182699998025782406e-05
4.649999737739562988e-01 1.191699993796646595e-05
4.699999988079071045e-01 1.193699972645845264e-05
4.749999940395355225e-01 1.153399989561876282e-05
4.799999892711639404e-01 1.230799989571096376e-05
4.849999845027923584e-01 1.289600004383828491e-05
4.899999797344207764e-01 1.240399978996720165e-05
4.949999749660491943e-01 1.187700036098249257e-05
5.000000000000000000e-01 1.114800033974461257e-05
5.049999952316284180e-01 1.067399989551631734e-05
5.099999904632568359e-01 9.471599696553312242e-06
5.149999856948852539e-01 8.108099791570566595e-06
5.199999809265136719e-01 8.458900083496700972e-06
5.249999761581420898e-01 1.146900012827245519e-05
5.299999713897705078e-01 1.311199957854114473e-05
5.349999666213989258e-01 1.339299979008501396e-05
5.399999618530273438e-01 1.292100023420061916e-05
5.449999570846557617e-01 1.355400036118226126e-05
5.500000119209289551e-01 1.411799985362449661e-05
5.550000071525573730e-01 1.457899998058564961e-05
5.600000023841857910e-01 1.371100006508640945e-05
5.649999976158142090e-01 1.481500021327519789e-05
5.699999928474426270e-01 1.453400000173132867e-05
5.749999880790710449e-01 1.581300057296175510e-05
5.799999833106994629e-01 1.594800050952471793e-05
5.849999785423278809e-01 1.656799940974451602e-05
5.899999737739562988e-01 1.420599983248393983e-05
5.949999690055847168e-01 1.573299960000440478e-05
5.999999642372131348e-01 1.554200025566387922e-05
6.049999594688415527e-01 1.647600038268137723e-05
6.100000143051147461e-01 1.575699934619478881e-05
6.150000095367431641e-01 1.518200042482931167e-05
6.200000047683715820e-01 1.605900069989729673e-05
6.250000000000000000e-01 1.490799968451028690e-05
6.299999952316284180e-01 1.658799919823650271e-05
6.349999904632568359e-01 1.666699972702190280e-05
6.399999856948852539e-01 1.597499976924154907e-05
6.449999809265136719e-01 1.504099964222405106e-05
6.499999761581420898e-01 1.600500036147423089e-05
6.549999713897705078e-01 1.827999949455261230e-05
6.599999666213989258e-01 1.680000059423036873e-05
6.649999618530273438e-01 1.675699968473054469e-05
6.699999570846557617e-01 1.669499943091068417e-05
6.750000119209289551e-01 1.651899947319179773e-05
6.800000071525573730e-01 1.648100078455172479e-05
6.850000023841857910e-01 1.641699964238796383e-05
6.899999976158142090e-01 1.636100023461040109e-05
6.949999928474426270e-01 1.625699951546266675e-05
6.999999880790710449e-01 1.620699913473799825e-05
7.049999833106994629e-01 1.614100074220914394e-05
7.099999785423278809e-01 1.607500053069088608e-05
7.149999737739562988e-01 1.605900069989729673e-05
7.199999690055847168e-01 1.599300048837903887e-05
7.249999642372131348e-01 1.592999979038722813e-05
7.299999594688415527e-01 1.590099964232649654e-05
7.349999547004699707e-01 1.585899917699862272e-05
7.400000095367431641e-01 1.580699972691945732e-05
7.450000047683715820e-01 1.574800080561544746e-05
7.500000000000000000e-01 1.571999928273726255e-05
7.549999952316284180e-01 1.564299964229576290e-05
7.599999904632568359e-01 1.556499955768231302e-05
7.649999856948852539e-01 1.551300010760314763e-05
7.699999809265136719e-01 1.543500002298969775e-05
7.749999761581420898e-01 1.541900019219610840e-05
7.799999713897705078e-01 1.532799979031551629e-05
7.849999666213989258e-01 1.519499983260175213e-05
7.899999618530273438e-01 1.507500019215513021e-05
7.949999570846557617e-01 1.478800004406366497e-05
7.999999523162841797e-01 1.459000031900359318e-05
8.050000071525573730e-01 1.427299957867944613e-05
8.100000023841857910e-01 1.407499985361937433e-05
8.149999976158142090e-01 1.399800021317787468e-05
8.199999928474426270e-01 1.410799995937850326e-05
8.249999880790710449e-01 1.419500040356069803e-05
8.299999833106994629e-01 1.416200029780156910e-05
8.349999785423278809e-01 1.424899983248906210e-05
8.399999737739562988e-01 1.419999989593634382e-05
8.449999690055847168e-01 1.418600004399195313e-05
8.499999642372131348e-01 1.371100006508640945e-05
8.549999594688415527e-01 1.300100029766326770e-05
8.599999547004699707e-01 1.388500004395609722e-05
8.649999499320983887e-01 1.320899991696933284e-05
8.700000047683715820e-01 1.360900023428257555e-05
8.750000000000000000e-01 1.365000025543849915e-05
8.799999952316284180e-01 1.351999981125118211e-05
8.849999904632568359e-01 1.339800019195536152e-05
8.899999856948852539e-01 1.335300021310104057e-05
8.949999809265136719e-01 1.324099957855651155e-05
8.999999761581420898e-01 1.299799987464211881e-05
9.049999713897705078e-01 1.272699955734424293e-05
9.099999666213989258e-01 1.222199989570071921e-05
9.149999618530273438e-01 1.201800023409305140e-05
9.199999570846557617e-01 1.169499955722130835e-05
9.249999523162841797e-01 1.161000000138301402e-05
9.299999475479125977e-01 1.177800004370510578e-05
9.350000023841857910e-01 1.215900010720361024e-05
9.399999976158142090e-01 1.221500042447587475e-05
9.449999928474426270e-01 1.212799998029367998e-05
9.499999880790710449e-01 1.203699957841308787e-05
9.549999833106994629e-01 1.175800025521311909e-05
9.599999785423278809e-01 1.159699968411587179e-05
9.649999737739562988e-01 1.139500000135740265e-05
9.699999690055847168e-01 1.117400006478419527e-05
9.749999642372131348e-01 1.110999983211513609e-05
9.799999594688415527e-01 1.117400006478419527e-05
9.849999547004699707e-01 1.109599998017074540e-05
9.899999499320983887e-01 1.099699966289335862e-05
9.949999451637268066e-01 1.089800025511067361e-05
1.000000000000000000e+00 1.081400023394962773e-05
1.250000000000000000e+00 6.646399924647994339e-06
2.200000047683715820e+00 1.431600026080559473e-06
3.399999856948852539e+00 3.112999991117249010e-07
