# Date: 2018-11-13
# Orig-Date: 2018-04-03
# Origin: SimMETIS
#Wavelength	Flux
#um	ph/s/m2
3.000e-01 7.483e+11
3.013e-01 9.639e+11
3.025e-01 9.711e+11
3.038e-01 9.784e+11
3.051e-01 9.858e+11
3.064e-01 9.931e+11
3.077e-01 1.001e+12
3.090e-01 1.008e+12
3.103e-01 1.133e+12
3.116e-01 1.132e+12
3.129e-01 1.131e+12
3.142e-01 1.130e+12
3.155e-01 1.129e+12
3.169e-01 1.128e+12
3.182e-01 1.127e+12
3.195e-01 1.126e+12
3.209e-01 1.122e+12
3.222e-01 1.126e+12
3.236e-01 1.130e+12
3.249e-01 1.134e+12
3.263e-01 1.138e+12
3.277e-01 1.142e+12
3.291e-01 1.146e+12
3.305e-01 9.831e+11
3.318e-01 9.778e+11
3.332e-01 9.726e+11
3.346e-01 9.673e+11
3.361e-01 9.620e+11
3.375e-01 9.567e+11
3.389e-01 9.513e+11
3.403e-01 1.211e+12
3.418e-01 1.211e+12
3.432e-01 1.211e+12
3.446e-01 1.210e+12
3.461e-01 1.210e+12
3.476e-01 1.210e+12
3.490e-01 1.210e+12
3.505e-01 1.222e+12
3.520e-01 1.221e+12
3.534e-01 1.220e+12
3.549e-01 1.219e+12
3.564e-01 1.218e+12
3.579e-01 1.217e+12
3.594e-01 1.216e+12
3.610e-01 1.258e+12
3.625e-01 1.258e+12
3.640e-01 1.258e+12
3.655e-01 1.258e+12
3.671e-01 1.259e+12
3.686e-01 1.259e+12
3.702e-01 1.012e+12
3.717e-01 1.008e+12
3.733e-01 1.004e+12
3.749e-01 9.995e+11
3.765e-01 9.954e+11
3.780e-01 9.913e+11
3.796e-01 9.872e+11
3.812e-01 3.179e+12
3.828e-01 3.179e+12
3.844e-01 3.179e+12
3.861e-01 3.179e+12
3.877e-01 3.179e+12
3.893e-01 3.179e+12
3.910e-01 3.485e+12
3.926e-01 3.501e+12
3.943e-01 3.517e+12
3.959e-01 3.533e+12
3.976e-01 3.549e+12
3.993e-01 3.565e+12
4.010e-01 3.587e+12
4.026e-01 3.607e+12
4.043e-01 3.627e+12
4.060e-01 3.647e+12
4.078e-01 3.667e+12
4.095e-01 3.687e+12
4.112e-01 3.924e+12
4.129e-01 3.917e+12
4.147e-01 3.911e+12
4.164e-01 3.904e+12
4.182e-01 3.898e+12
4.199e-01 3.891e+12
4.217e-01 3.902e+12
4.235e-01 3.902e+12
4.253e-01 3.902e+12
4.271e-01 3.902e+12
4.289e-01 3.903e+12
4.307e-01 2.259e+12
4.325e-01 2.265e+12
4.343e-01 2.270e+12
4.361e-01 2.275e+12
4.380e-01 2.280e+12
4.398e-01 2.286e+12
4.417e-01 3.729e+12
4.435e-01 3.730e+12
4.454e-01 3.731e+12
4.473e-01 3.733e+12
4.492e-01 3.734e+12
4.510e-01 3.634e+12
4.529e-01 3.610e+12
4.549e-01 3.585e+12
4.568e-01 3.561e+12
4.587e-01 3.536e+12
4.606e-01 3.411e+12
4.626e-01 3.414e+12
4.645e-01 3.417e+12
4.665e-01 3.420e+12
4.684e-01 3.423e+12
4.704e-01 3.498e+12
4.724e-01 3.498e+12
4.744e-01 3.498e+12
4.764e-01 3.498e+12
4.784e-01 3.498e+12
4.804e-01 2.412e+12
4.824e-01 2.420e+12
4.845e-01 2.428e+12
4.865e-01 2.436e+12
4.885e-01 2.444e+12
4.906e-01 3.300e+12
4.927e-01 3.294e+12
4.947e-01 3.289e+12
4.968e-01 3.283e+12
4.989e-01 3.277e+12
5.010e-01 3.242e+12
5.031e-01 3.243e+12
5.053e-01 3.244e+12
5.074e-01 3.244e+12
5.095e-01 3.245e+12
5.117e-01 3.159e+12
5.138e-01 3.166e+12
5.160e-01 3.172e+12
5.182e-01 3.179e+12
5.203e-01 3.147e+12
5.225e-01 3.148e+12
5.247e-01 3.150e+12
5.270e-01 3.151e+12
5.292e-01 3.152e+12
5.314e-01 3.089e+12
5.336e-01 3.090e+12
5.359e-01 3.092e+12
5.381e-01 3.093e+12
5.404e-01 3.034e+12
5.427e-01 3.034e+12
5.450e-01 3.035e+12
5.473e-01 3.035e+12
5.496e-01 3.036e+12
5.519e-01 2.959e+12
5.542e-01 2.960e+12
5.566e-01 2.960e+12
5.589e-01 2.961e+12
5.612e-01 2.923e+12
5.636e-01 2.921e+12
5.660e-01 2.920e+12
5.684e-01 2.918e+12
5.708e-01 2.843e+12
5.732e-01 2.847e+12
5.756e-01 2.852e+12
5.780e-01 2.856e+12
5.804e-01 2.809e+12
5.829e-01 2.810e+12
5.853e-01 2.811e+12
5.878e-01 2.812e+12
5.903e-01 2.743e+12
5.928e-01 2.741e+12
5.953e-01 2.739e+12
5.978e-01 2.736e+12
6.003e-01 2.708e+12
6.028e-01 2.708e+12
6.054e-01 2.708e+12
6.079e-01 2.708e+12
6.105e-01 2.585e+12
6.131e-01 2.601e+12
6.156e-01 2.616e+12
6.182e-01 2.632e+12
6.208e-01 2.584e+12
6.234e-01 2.588e+12
6.261e-01 2.592e+12
6.287e-01 2.596e+12
6.314e-01 2.543e+12
6.340e-01 2.547e+12
6.367e-01 2.551e+12
6.394e-01 2.555e+12
6.421e-01 2.515e+12
6.448e-01 2.515e+12
6.475e-01 2.515e+12
6.502e-01 2.047e+12
6.530e-01 2.044e+12
6.557e-01 2.041e+12
6.585e-01 2.039e+12
6.612e-01 2.420e+12
6.640e-01 2.421e+12
6.668e-01 2.421e+12
6.696e-01 2.421e+12
6.725e-01 2.386e+12
6.753e-01 2.383e+12
6.781e-01 2.380e+12
6.810e-01 2.351e+12
6.839e-01 2.351e+12
6.867e-01 2.352e+12
6.896e-01 2.352e+12
6.925e-01 2.313e+12
6.955e-01 2.313e+12
6.984e-01 2.314e+12
7.013e-01 2.276e+12
7.043e-01 2.276e+12
7.072e-01 2.276e+12
7.102e-01 2.233e+12
7.132e-01 2.233e+12
7.162e-01 2.232e+12
7.192e-01 2.232e+12
7.223e-01 2.202e+12
7.253e-01 2.202e+12
7.284e-01 2.203e+12
7.314e-01 2.163e+12
7.345e-01 2.163e+12
7.376e-01 2.163e+12
7.407e-01 2.128e+12
7.438e-01 2.128e+12
7.470e-01 2.128e+12
7.501e-01 2.094e+12
7.533e-01 2.094e+12
7.565e-01 2.094e+12
7.596e-01 2.093e+12
7.628e-01 2.061e+12
7.661e-01 2.061e+12
7.693e-01 2.061e+12
7.725e-01 2.027e+12
7.758e-01 2.024e+12
7.790e-01 2.021e+12
7.823e-01 1.993e+12
7.856e-01 1.991e+12
7.889e-01 1.989e+12
7.923e-01 1.937e+12
7.956e-01 1.943e+12
7.989e-01 1.949e+12
8.023e-01 1.938e+12
8.057e-01 1.938e+12
8.091e-01 1.938e+12
8.125e-01 1.909e+12
8.159e-01 1.909e+12
8.194e-01 1.909e+12
8.228e-01 1.872e+12
8.263e-01 1.867e+12
8.298e-01 1.861e+12
8.332e-01 1.862e+12
8.368e-01 1.862e+12
8.403e-01 1.820e+12
8.438e-01 1.825e+12
8.474e-01 1.831e+12
8.509e-01 1.658e+12
8.545e-01 1.661e+12
8.581e-01 1.663e+12
8.617e-01 1.802e+12
8.654e-01 1.800e+12
8.690e-01 1.797e+12
8.727e-01 1.371e+12
8.764e-01 1.364e+12
8.801e-01 1.681e+12
8.838e-01 1.678e+12
8.875e-01 1.674e+12
8.912e-01 1.982e+12
8.950e-01 1.982e+12
8.987e-01 1.982e+12
9.025e-01 1.853e+12
9.063e-01 1.854e+12
9.102e-01 1.943e+12
9.140e-01 1.942e+12
9.178e-01 1.941e+12
9.217e-01 1.639e+12
9.256e-01 1.641e+12
9.295e-01 1.644e+12
9.334e-01 1.901e+12
9.373e-01 1.901e+12
9.413e-01 1.858e+12
9.453e-01 1.860e+12
9.492e-01 1.862e+12
9.532e-01 1.116e+12
9.572e-01 1.130e+12
9.613e-01 1.812e+12
9.653e-01 1.812e+12
9.694e-01 1.812e+12
9.735e-01 1.790e+12
9.776e-01 1.790e+12
9.817e-01 1.765e+12
9.858e-01 1.765e+12
9.900e-01 1.765e+12
9.942e-01 1.729e+12
9.983e-01 1.729e+12
1.003e+00 1.108e+12
1.007e+00 1.098e+12
1.011e+00 1.664e+12
1.015e+00 1.666e+12
1.020e+00 1.668e+12
1.024e+00 1.665e+12
1.028e+00 1.665e+12
1.032e+00 1.642e+12
1.037e+00 1.641e+12
1.041e+00 1.618e+12
1.046e+00 1.618e+12
1.050e+00 1.585e+12
1.054e+00 1.589e+12
1.059e+00 1.592e+12
1.063e+00 1.572e+12
1.068e+00 1.572e+12
1.072e+00 1.547e+12
1.077e+00 1.547e+12
1.081e+00 1.507e+12
1.086e+00 1.508e+12
1.090e+00 1.160e+12
1.095e+00 1.164e+12
1.100e+00 1.168e+12
1.104e+00 1.475e+12
1.109e+00 1.475e+12
1.114e+00 1.464e+12
1.118e+00 1.464e+12
1.123e+00 1.445e+12
1.128e+00 1.445e+12
1.133e+00 1.426e+12
1.137e+00 1.426e+12
1.142e+00 1.404e+12
1.147e+00 1.405e+12
1.152e+00 1.388e+12
1.157e+00 1.388e+12
1.161e+00 1.370e+12
1.166e+00 1.369e+12
1.171e+00 1.351e+12
1.176e+00 1.348e+12
1.181e+00 1.334e+12
1.186e+00 1.334e+12
1.191e+00 1.317e+12
1.196e+00 1.317e+12
1.201e+00 1.300e+12
1.206e+00 1.299e+12
1.211e+00 1.283e+12
1.216e+00 1.283e+12
1.222e+00 1.266e+12
1.227e+00 1.266e+12
1.232e+00 1.250e+12
1.237e+00 1.248e+12
1.242e+00 1.234e+12
1.248e+00 1.234e+12
1.253e+00 1.218e+12
1.258e+00 1.218e+12
1.263e+00 1.200e+12
1.269e+00 1.200e+12
1.274e+00 1.163e+12
1.279e+00 1.163e+12
1.285e+00 1.070e+12
1.290e+00 1.154e+12
1.296e+00 1.154e+12
1.301e+00 1.145e+12
1.307e+00 1.145e+12
1.312e+00 1.132e+12
1.318e+00 1.131e+12
1.323e+00 1.118e+12
1.329e+00 1.118e+12
1.334e+00 1.105e+12
1.340e+00 1.105e+12
1.346e+00 1.092e+12
1.351e+00 1.078e+12
1.357e+00 1.078e+12
1.363e+00 1.067e+12
1.368e+00 1.067e+12
1.374e+00 1.054e+12
1.380e+00 1.054e+12
1.386e+00 1.042e+12
1.392e+00 1.030e+12
1.397e+00 1.030e+12
1.403e+00 1.017e+12
1.409e+00 1.016e+12
1.415e+00 1.006e+12
1.421e+00 9.953e+11
1.427e+00 9.951e+11
1.433e+00 9.837e+11
1.439e+00 9.838e+11
1.445e+00 9.729e+11
1.451e+00 9.623e+11
1.457e+00 9.621e+11
1.464e+00 9.518e+11
1.470e+00 9.516e+11
1.476e+00 9.419e+11
1.482e+00 9.327e+11
1.488e+00 9.328e+11
1.495e+00 9.232e+11
1.501e+00 9.130e+11
1.507e+00 9.111e+11
1.514e+00 9.024e+11
1.520e+00 8.922e+11
1.526e+00 8.929e+11
1.533e+00 8.806e+11
1.539e+00 8.803e+11
1.546e+00 8.662e+11
1.552e+00 8.514e+11
1.559e+00 8.508e+11
1.565e+00 8.595e+11
1.572e+00 8.497e+11
1.579e+00 8.497e+11
1.585e+00 8.298e+11
1.592e+00 8.398e+11
1.599e+00 8.402e+11
1.605e+00 8.301e+11
1.612e+00 7.987e+11
1.619e+00 7.991e+11
1.626e+00 8.294e+11
1.633e+00 8.034e+11
1.640e+00 8.027e+11
1.646e+00 7.682e+11
1.653e+00 8.099e+11
1.660e+00 8.032e+11
1.667e+00 8.029e+11
1.674e+00 7.689e+11
1.681e+00 7.353e+11
1.688e+00 7.361e+11
1.696e+00 7.786e+11
1.703e+00 7.745e+11
1.710e+00 7.746e+11
1.717e+00 7.662e+11
1.724e+00 7.522e+11
1.732e+00 6.510e+11
1.739e+00 6.489e+11
1.746e+00 7.289e+11
1.754e+00 7.311e+11
1.761e+00 7.302e+11
1.768e+00 7.303e+11
1.776e+00 7.236e+11
1.783e+00 7.160e+11
1.791e+00 7.087e+11
1.798e+00 7.083e+11
1.806e+00 6.968e+11
1.814e+00 6.306e+11
1.821e+00 6.606e+11
1.829e+00 6.667e+11
1.837e+00 6.802e+11
1.844e+00 6.752e+11
1.852e+00 6.683e+11
1.860e+00 6.682e+11
1.868e+00 6.554e+11
1.876e+00 5.378e+11
1.884e+00 6.362e+11
1.891e+00 6.365e+11
1.899e+00 6.383e+11
1.907e+00 6.390e+11
1.915e+00 6.334e+11
1.924e+00 6.263e+11
1.932e+00 6.127e+11
1.940e+00 6.124e+11
1.948e+00 4.632e+11
1.956e+00 6.020e+11
1.964e+00 6.044e+11
1.973e+00 6.003e+11
1.981e+00 5.955e+11
1.989e+00 5.955e+11
1.998e+00 5.903e+11
2.006e+00 5.852e+11
2.015e+00 5.801e+11
2.023e+00 5.751e+11
2.032e+00 5.692e+11
2.040e+00 5.653e+11
2.049e+00 5.652e+11
2.057e+00 5.604e+11
2.066e+00 5.556e+11
2.075e+00 5.509e+11
2.083e+00 5.462e+11
2.092e+00 5.416e+11
2.101e+00 5.370e+11
2.110e+00 5.370e+11
2.119e+00 5.324e+11
2.128e+00 5.278e+11
2.137e+00 5.231e+11
2.146e+00 5.174e+11
2.155e+00 5.076e+11
2.164e+00 4.403e+11
2.173e+00 4.960e+11
2.182e+00 5.006e+11
2.191e+00 4.980e+11
2.200e+00 4.942e+11
2.210e+00 4.942e+11
2.219e+00 4.905e+11
2.228e+00 4.866e+11
2.238e+00 4.829e+11
2.247e+00 4.790e+11
2.257e+00 4.753e+11
2.266e+00 4.700e+11
2.276e+00 4.679e+11
2.285e+00 4.642e+11
2.295e+00 4.607e+11
2.305e+00 4.573e+11
2.314e+00 4.536e+11
2.324e+00 4.505e+11
2.334e+00 4.472e+11
2.344e+00 4.438e+11
2.354e+00 4.405e+11
2.364e+00 4.373e+11
2.373e+00 4.340e+11
2.383e+00 4.306e+11
2.394e+00 4.277e+11
2.404e+00 4.231e+11
2.414e+00 4.213e+11
2.424e+00 4.184e+11
2.434e+00 4.150e+11
2.444e+00 4.120e+11
2.455e+00 4.093e+11
2.465e+00 4.059e+11
2.475e+00 4.030e+11
2.486e+00 4.008e+11
2.496e+00 3.945e+11
2.507e+00 3.951e+11
2.517e+00 3.923e+11
2.528e+00 3.835e+11
2.539e+00 3.862e+11
2.549e+00 3.849e+11
2.560e+00 3.672e+11
2.571e+00 3.757e+11
2.582e+00 3.744e+11
2.593e+00 3.716e+11
2.603e+00 3.640e+11
2.614e+00 3.492e+11
2.625e+00 3.134e+11
2.636e+00 3.546e+11
2.648e+00 3.588e+11
2.659e+00 3.571e+11
2.670e+00 3.510e+11
2.681e+00 3.466e+11
2.692e+00 3.486e+11
2.704e+00 3.472e+11
2.715e+00 3.452e+11
2.727e+00 3.428e+11
2.738e+00 3.399e+11
2.750e+00 3.347e+11
2.761e+00 3.218e+11
2.773e+00 3.298e+11
2.785e+00 3.295e+11
2.796e+00 3.277e+11
2.808e+00 3.258e+11
2.820e+00 3.238e+11
2.832e+00 3.193e+11
2.844e+00 3.169e+11
2.856e+00 3.133e+11
2.868e+00 3.036e+11
2.880e+00 2.833e+11
2.892e+00 3.063e+11
2.904e+00 3.053e+11
2.916e+00 3.035e+11
2.929e+00 3.016e+11
2.941e+00 2.981e+11
2.953e+00 2.963e+11
2.966e+00 2.944e+11
2.978e+00 2.925e+11
2.991e+00 2.888e+11
3.003e+00 2.868e+11
3.016e+00 2.844e+11
3.029e+00 2.802e+11
3.042e+00 2.674e+11
3.054e+00 2.760e+11
3.067e+00 2.761e+11
3.080e+00 2.735e+11
3.093e+00 2.720e+11
3.106e+00 2.702e+11
3.119e+00 2.687e+11
3.132e+00 2.657e+11
3.146e+00 2.641e+11
3.159e+00 2.625e+11
3.172e+00 2.596e+11
3.186e+00 2.581e+11
3.199e+00 2.565e+11
3.212e+00 2.535e+11
3.226e+00 2.520e+11
3.240e+00 2.505e+11
3.253e+00 2.475e+11
3.267e+00 2.459e+11
3.281e+00 2.391e+11
3.295e+00 2.201e+11
3.308e+00 2.332e+11
3.322e+00 2.371e+11
3.336e+00 2.361e+11
3.350e+00 2.338e+11
3.364e+00 2.324e+11
3.379e+00 2.312e+11
3.393e+00 2.289e+11
3.407e+00 2.275e+11
3.422e+00 2.252e+11
3.436e+00 2.240e+11
3.450e+00 2.216e+11
3.465e+00 2.204e+11
3.480e+00 2.193e+11
3.494e+00 2.170e+11
3.509e+00 2.158e+11
3.524e+00 2.136e+11
3.539e+00 2.125e+11
3.553e+00 2.102e+11
3.568e+00 2.092e+11
3.583e+00 2.070e+11
3.599e+00 2.060e+11
3.614e+00 2.038e+11
3.629e+00 2.028e+11
3.644e+00 2.005e+11
3.660e+00 1.996e+11
3.675e+00 1.977e+11
3.690e+00 1.950e+11
3.706e+00 1.943e+11
3.722e+00 1.906e+11
3.737e+00 1.831e+11
3.753e+00 1.871e+11
3.769e+00 1.883e+11
3.785e+00 1.873e+11
3.801e+00 1.852e+11
3.817e+00 1.831e+11
3.833e+00 1.825e+11
3.849e+00 1.820e+11
3.865e+00 1.804e+11
3.881e+00 1.784e+11
3.898e+00 1.769e+11
3.914e+00 1.743e+11
3.931e+00 1.744e+11
3.947e+00 1.737e+11
3.964e+00 1.722e+11
3.981e+00 1.704e+11
3.997e+00 1.694e+11
4.014e+00 1.646e+11
4.031e+00 1.646e+11
4.048e+00 1.614e+11
4.065e+00 1.626e+11
4.082e+00 1.627e+11
4.099e+00 1.621e+11
4.117e+00 1.607e+11
4.134e+00 1.591e+11
4.152e+00 1.564e+11
4.169e+00 1.522e+11
4.187e+00 1.540e+11
4.204e+00 1.541e+11
4.222e+00 1.530e+11
4.240e+00 1.524e+11
4.258e+00 1.511e+11
4.275e+00 1.498e+11
4.293e+00 1.484e+11
4.312e+00 1.471e+11
4.330e+00 1.464e+11
4.348e+00 1.448e+11
4.366e+00 1.410e+11
4.385e+00 1.387e+11
4.403e+00 1.410e+11
4.422e+00 1.402e+11
4.440e+00 1.391e+11
4.459e+00 1.385e+11
4.478e+00 1.374e+11
4.497e+00 1.362e+11
4.516e+00 1.351e+11
4.535e+00 1.340e+11
4.554e+00 1.328e+11
4.573e+00 1.317e+11
4.592e+00 1.305e+11
4.612e+00 1.293e+11
4.631e+00 1.271e+11
4.651e+00 1.144e+11
4.670e+00 1.180e+11
4.690e+00 1.234e+11
4.710e+00 1.245e+11
4.729e+00 1.238e+11
4.749e+00 1.228e+11
4.769e+00 1.220e+11
4.789e+00 1.210e+11
4.810e+00 1.201e+11
4.830e+00 1.192e+11
4.850e+00 1.178e+11
4.871e+00 1.169e+11
4.891e+00 1.160e+11
4.912e+00 1.151e+11
4.932e+00 1.142e+11
4.953e+00 1.133e+11
4.974e+00 1.124e+11
4.995e+00 1.116e+11
5.016e+00 1.107e+11
5.037e+00 1.099e+11
5.058e+00 1.090e+11
5.080e+00 1.081e+11
5.101e+00 1.063e+11
5.123e+00 9.998e+10
5.144e+00 1.040e+11
5.166e+00 1.043e+11
5.188e+00 1.038e+11
5.209e+00 1.031e+11
5.231e+00 1.020e+11
5.253e+00 1.011e+11
5.276e+00 1.004e+11
5.298e+00 9.986e+10
5.320e+00 9.886e+10
5.343e+00 9.808e+10
5.365e+00 9.723e+10
5.388e+00 9.635e+10
5.410e+00 9.568e+10
5.433e+00 9.505e+10
5.456e+00 9.441e+10
5.479e+00 9.368e+10
5.502e+00 9.254e+10
5.525e+00 9.123e+10
5.549e+00 9.123e+10
5.572e+00 9.055e+10
5.595e+00 8.996e+10
5.619e+00 8.931e+10
5.643e+00 8.843e+10
5.666e+00 8.775e+10
5.690e+00 8.648e+10
5.714e+00 8.515e+10
5.738e+00 8.549e+10
5.763e+00 8.494e+10
5.787e+00 8.440e+10
5.811e+00 8.354e+10
5.836e+00 8.297e+10
5.860e+00 8.199e+10
5.885e+00 8.098e+10
5.910e+00 7.582e+10
5.935e+00 7.951e+10
5.960e+00 7.746e+10
5.985e+00 7.873e+10
6.010e+00 7.848e+10
6.035e+00 7.782e+10
6.061e+00 7.707e+10
6.086e+00 7.663e+10
6.112e+00 7.590e+10
6.138e+00 7.544e+10
6.163e+00 7.472e+10
6.189e+00 7.425e+10
6.215e+00 7.354e+10
6.242e+00 7.277e+10
6.268e+00 7.202e+10
6.294e+00 6.896e+10
6.321e+00 7.087e+10
6.348e+00 7.063e+10
6.374e+00 7.004e+10
6.401e+00 6.944e+10
6.428e+00 6.903e+10
6.455e+00 6.839e+10
6.482e+00 6.772e+10
6.510e+00 6.737e+10
6.537e+00 6.678e+10
6.565e+00 6.619e+10
6.592e+00 6.563e+10
6.620e+00 6.503e+10
6.648e+00 6.465e+10
6.676e+00 6.411e+10
6.704e+00 6.351e+10
6.732e+00 6.275e+10
6.761e+00 6.043e+10
6.789e+00 6.088e+10
6.818e+00 6.139e+10
6.846e+00 6.103e+10
6.875e+00 6.056e+10
6.904e+00 6.003e+10
6.933e+00 5.953e+10
6.963e+00 5.904e+10
6.992e+00 5.857e+10
7.021e+00 5.809e+10
7.051e+00 5.760e+10
7.081e+00 5.709e+10
7.110e+00 5.665e+10
7.140e+00 5.619e+10
7.171e+00 5.576e+10
7.201e+00 5.531e+10
7.231e+00 5.483e+10
7.262e+00 5.433e+10
7.292e+00 5.393e+10
7.323e+00 5.354e+10
7.354e+00 5.311e+10
7.385e+00 5.267e+10
7.416e+00 5.214e+10
7.447e+00 5.099e+10
7.478e+00 5.045e+10
7.510e+00 4.715e+10
7.542e+00 5.024e+10
7.573e+00 5.009e+10
7.605e+00 4.977e+10
7.637e+00 4.941e+10
7.669e+00 4.905e+10
7.702e+00 4.856e+10
7.734e+00 4.816e+10
7.767e+00 4.765e+10
7.799e+00 4.730e+10
7.832e+00 4.699e+10
7.865e+00 4.667e+10
7.898e+00 4.633e+10
7.932e+00 4.588e+10
7.965e+00 4.555e+10
7.999e+00 4.522e+10
8.032e+00 4.479e+10
8.066e+00 4.445e+10
8.100e+00 4.399e+10
8.134e+00 4.351e+10
8.169e+00 4.304e+10
8.203e+00 4.295e+10
8.238e+00 4.268e+10
8.272e+00 4.229e+10
8.307e+00 4.199e+10
8.342e+00 4.161e+10
8.377e+00 4.130e+10
8.413e+00 4.094e+10
8.448e+00 4.065e+10
8.484e+00 4.028e+10
8.519e+00 3.999e+10
8.555e+00 3.963e+10
8.591e+00 3.923e+10
8.627e+00 3.890e+10
8.664e+00 3.760e+10
8.700e+00 3.815e+10
8.737e+00 3.765e+10
8.774e+00 3.693e+10
8.811e+00 3.730e+10
8.848e+00 3.711e+10
8.885e+00 3.680e+10
8.923e+00 3.649e+10
8.960e+00 3.617e+10
8.998e+00 3.594e+10
9.036e+00 3.563e+10
9.074e+00 3.532e+10
9.112e+00 3.503e+10
9.150e+00 3.470e+10
9.189e+00 3.448e+10
9.228e+00 3.418e+10
9.267e+00 3.388e+10
9.306e+00 3.359e+10
9.345e+00 3.325e+10
9.384e+00 3.217e+10
9.424e+00 3.260e+10
9.463e+00 3.249e+10
9.503e+00 3.223e+10
9.543e+00 3.198e+10
9.584e+00 3.174e+10
9.624e+00 3.149e+10
9.664e+00 3.124e+10
9.705e+00 3.098e+10
9.746e+00 3.073e+10
9.787e+00 3.048e+10
9.828e+00 3.021e+10
9.870e+00 2.997e+10
9.911e+00 2.971e+10
9.953e+00 2.948e+10
9.995e+00 2.924e+10
1.004e+01 2.902e+10
1.008e+01 2.879e+10
1.012e+01 2.853e+10
1.016e+01 2.830e+10
1.021e+01 2.806e+10
1.025e+01 2.773e+10
1.029e+01 2.757e+10
1.034e+01 2.738e+10
1.038e+01 2.711e+10
1.042e+01 2.689e+10
1.047e+01 2.656e+10
1.051e+01 2.581e+10
1.056e+01 2.620e+10
1.060e+01 2.603e+10
1.065e+01 2.584e+10
1.069e+01 2.559e+10
1.074e+01 2.541e+10
1.078e+01 2.510e+10
1.083e+01 2.493e+10
1.087e+01 2.478e+10
1.092e+01 2.461e+10
1.096e+01 2.438e+10
1.101e+01 2.423e+10
1.106e+01 2.399e+10
1.110e+01 2.378e+10
1.115e+01 2.361e+10
1.120e+01 2.340e+10
1.124e+01 2.316e+10
1.129e+01 2.244e+10
1.134e+01 2.260e+10
1.139e+01 2.261e+10
1.143e+01 2.244e+10
1.148e+01 2.222e+10
1.153e+01 2.182e+10
1.158e+01 2.185e+10
1.163e+01 2.172e+10
1.168e+01 2.155e+10
1.173e+01 2.137e+10
1.178e+01 2.119e+10
1.183e+01 2.102e+10
1.188e+01 2.084e+10
1.193e+01 2.067e+10
1.198e+01 2.050e+10
1.203e+01 2.034e+10
1.208e+01 2.017e+10
1.213e+01 2.000e+10
1.218e+01 1.984e+10
1.223e+01 1.968e+10
1.228e+01 1.948e+10
1.233e+01 1.926e+10
1.239e+01 1.790e+10
1.244e+01 1.894e+10
1.249e+01 1.886e+10
1.254e+01 1.863e+10
1.260e+01 1.822e+10
1.265e+01 1.837e+10
1.270e+01 1.824e+10
1.275e+01 1.810e+10
1.281e+01 1.796e+10
1.286e+01 1.780e+10
1.292e+01 1.767e+10
1.297e+01 1.751e+10
1.303e+01 1.737e+10
1.308e+01 1.721e+10
1.314e+01 1.707e+10
1.319e+01 1.690e+10
1.325e+01 1.680e+10
1.330e+01 1.665e+10
1.336e+01 1.653e+10
1.341e+01 1.639e+10
1.347e+01 1.624e+10
1.353e+01 1.612e+10
1.359e+01 1.599e+10
1.364e+01 1.585e+10
1.370e+01 1.573e+10
1.376e+01 1.560e+10
1.382e+01 1.546e+10
1.387e+01 1.532e+10
1.393e+01 1.516e+10
1.399e+01 1.506e+10
1.405e+01 1.496e+10
1.411e+01 1.481e+10
1.417e+01 1.446e+10
1.423e+01 1.450e+10
1.429e+01 1.446e+10
1.435e+01 1.435e+10
1.441e+01 1.423e+10
1.447e+01 1.412e+10
1.453e+01 1.398e+10
1.459e+01 1.387e+10
1.465e+01 1.376e+10
1.471e+01 1.365e+10
1.478e+01 1.353e+10
1.484e+01 1.343e+10
1.490e+01 1.329e+10
1.496e+01 1.311e+10
1.503e+01 1.308e+10
1.509e+01 1.297e+10
1.515e+01 1.287e+10
1.522e+01 1.277e+10
1.528e+01 1.266e+10
1.535e+01 1.256e+10
1.541e+01 1.244e+10
1.548e+01 1.235e+10
1.554e+01 1.224e+10
1.561e+01 1.214e+10
1.567e+01 1.204e+10
1.574e+01 1.195e+10
1.580e+01 1.184e+10
1.587e+01 1.174e+10
1.594e+01 1.165e+10
1.601e+01 1.155e+10
1.607e+01 1.144e+10
1.614e+01 1.131e+10
1.621e+01 1.055e+10
1.628e+01 1.114e+10
1.635e+01 1.105e+10
1.641e+01 1.083e+10
1.648e+01 1.087e+10
1.655e+01 1.079e+10
1.662e+01 1.070e+10
1.669e+01 1.061e+10
1.676e+01 1.052e+10
1.683e+01 1.037e+10
1.690e+01 1.019e+10
1.698e+01 1.026e+10
1.705e+01 1.019e+10
1.712e+01 1.011e+10
1.719e+01 1.002e+10
1.726e+01 9.934e+09
1.734e+01 9.854e+09
1.741e+01 9.778e+09
1.748e+01 9.685e+09
1.756e+01 9.600e+09
1.763e+01 9.509e+09
1.770e+01 9.446e+09
1.778e+01 9.374e+09
1.785e+01 9.292e+09
1.793e+01 9.222e+09
1.800e+01 9.137e+09
1.808e+01 9.057e+09
1.816e+01 8.991e+09
1.823e+01 8.912e+09
1.831e+01 8.837e+09
1.839e+01 8.766e+09
1.846e+01 8.687e+09
1.854e+01 8.592e+09
1.862e+01 8.365e+09
1.870e+01 8.456e+09
1.878e+01 8.403e+09
1.886e+01 8.330e+09
1.894e+01 8.242e+09
1.902e+01 8.129e+09
1.910e+01 8.036e+09
1.918e+01 8.052e+09
1.926e+01 7.995e+09
1.934e+01 7.929e+09
1.942e+01 7.853e+09
1.950e+01 7.790e+09
1.958e+01 7.725e+09
1.967e+01 7.667e+09
1.975e+01 7.602e+09
1.983e+01 7.537e+09
1.992e+01 7.477e+09
2.000e+01 7.415e+09
